[gd_scene load_steps=4 format=3 uid="uid://cx5vmbvvaonsr"]

[ext_resource type="PackedScene" uid="uid://cr6vtgfl5klmt" path="res://assets/menu/tamagotchi.gltf" id="1_22gfc"]

[sub_resource type="SphereShape3D" id="SphereShape3D_22gfc"]
radius = 0.905029

[sub_resource type="Environment" id="Environment_22gfc"]
background_color = Color(0, 0, 0, 0)

[node name="Tamagotchi" type="Node3D"]

[node name="AnimatableBody3D" type="AnimatableBody3D" parent="."]

[node name="tamagotchi2" parent="AnimatableBody3D" instance=ExtResource("1_22gfc")]

[node name="CollisionShape3D" type="CollisionShape3D" parent="AnimatableBody3D"]
shape = SubResource("SphereShape3D_22gfc")

[node name="Camera3D" type="Camera3D" parent="."]
transform = Transform3D(-4.37114e-08, 0, 1, 0, 1, 0, -1, 0, -4.37114e-08, 5.56325, 0.135897, 0)
environment = SubResource("Environment_22gfc")
fov = 35.0

[node name="DirectionalLight3D" type="DirectionalLight3D" parent="."]
transform = Transform3D(0.606976, -0.412101, 0.679524, -0.38015, 0.600322, 0.703633, -0.697901, -0.685409, 0.207721, 0, 0, 0)
sky_mode = 1

[node name="SpotLight3D" type="SpotLight3D" parent="."]
transform = Transform3D(0.272381, 0, 0.962189, 0, 1, 0, -0.962189, 0, 0.272381, 3.79956, 0, 1.91565)
light_color = Color(1, 0.909804, 0.878431, 1)
spot_range = 7.071
spot_attenuation = 0.88
spot_angle = 94.29
spot_angle_attenuation = 0.933032

[node name="SpotLight3D2" type="SpotLight3D" parent="."]
transform = Transform3D(-0.2437, 0, 0.969851, 0, 1, 0, -0.969851, 0, -0.2437, 3.79956, 0, -1.37212)
light_color = Color(1, 0.909804, 0.878431, 1)
spot_range = 19.034
spot_attenuation = 0.88
spot_angle = 78.21
spot_angle_attenuation = 0.189465

[node name="SpotLight3D3" type="SpotLight3D" parent="."]
transform = Transform3D(3.95685e-08, -0.424942, -0.90522, -1.85748e-08, -0.90522, 0.424942, -1, -1.77636e-15, -4.37114e-08, -4.2502, 3.26386, 0)
light_color = Color(0.827451, 0.996078, 1, 1)
spot_range = 6.729
spot_attenuation = -0.07
spot_angle = 56.79
spot_angle_attenuation = 2.07053
